-99969
-99527
-99358
-99330
-99278
-99179
-99096
-99069
-98949
-98663
-98498
-98405
-98221
-98169
-98039
-97982
-97981
-97720
-97712
-97582
-97512
-97132
-97071
-97004
-96916
-96911
-96887
-96717
-96337
-96332
-96200
-96137
-96132
-95982
-95945
-95925
-95610
-95477
-95382
-95283
-94938
-94915
-94782
-94430
-94366
-94362
-94302
-94261
-93817
-93627
-93233
-93081
-93037
-93028
-92977
-92703
-92274
-92134
-92071
-92005
-91279
-91217
-91159
-90859
-90753
-90534
-90389
-90179
-89827
-89702
-89330
-89255
-88497
-88430
-88180
-88150
-87963
-87882
-87848
-87744
-87668
-87570
-87414
-87065
-86518
-86318
-86253
-86002
-85974
-85947
-85566
-85513
-85450
-84965
-84698
-84449
-84423
-83814
-83530
-83419
-83409
-83290
-83126
-82813
-82640
-81742
-81671
-81653
-81479
-81451
-81288
-81013
-80187
-80169
-80041
-80004
-79789
-79661
-79628
-79341
-79240
-79238
-79155
-79138
-78947
-78744
-78678
-78252
-78239
-77780
-77771
-77363
-77246
-77175
-77120
-77066
-76738
-76730
-76630
-76627
-76277
-76262
-76177
-75885
-75627
-75193
-75141
-74768
-74605
-74472
-74409
-74325
-74163
-74136
-73911
-73772
-73768
-73286
-73281
-73113
-73110
-73039
-72940
-72759
-72490
-71916
-71880
-71743
-71666
-71662
-71501
-71272
-71271
-71127
-71096
-70742
-70638
-70586
-69883
-69870
-69772
-69310
-69224
-69180
-68965
-68751
-68559
-68524
-68309
-68213
-68187
-68147
-68136
-67924
-67764
-67748
-67374
-67211
-67189
-67150
-67070
-66990
-66509
-66455
-66249
-66162
-66080
-65801
-65766
-65531
-64680
-64617
-64479
-64362
-64252
-64170
-64109
-63933
-63809
-63463
-63317
-63057
-62940
-62905
-62781
-62314
-62102
-62025
-61830
-61794
-61559
-61412
-61405
-60964
-60946
-60827
-60815
-60569
-60094
-60088
-60066
-59983
-59739
-59516
-59504
-59219
-58827
-58812
-58807
-58750
-58643
-58010
-57977
-57967
-57796
-57777
-57736
-57688
-57592
-57557
-57438
-57181
-57162
-57156
-57019
-56930
-56916
-56683
-56568
-56567
-56429
-56393
-56384
-56374
-56156
-56090
-56051
-56016
-55683
-55661
-55658
-55541
-55421
-55196
-54997
-54969
-54126
-54115
-53631
-53312
-53299
-53057
-53017
-52834
-52642
-52551
-52478
-52270
-52008
-51807
-51700
-51473
-51202
-51019
-51005
-50969
-50868
-50595
-50512
-50466
-50348
-50287
-50206
-50117
-50106
-50101
-50089
-50023
-49965
-49893
-49877
-49532
-49198
-49007
-49004
-48831
-48567
-48086
-47920
-47852
-47832
-47822
-47647
-47565
-47554
-47461
-47222
-47095
-46936
-46920
-46552
-46493
-46470
-45553
-45449
-45441
-45390
-45383
-45249
-45094
-44987
-44923
-44809
-44525
-44453
-44347
-44229
-43977
-43839
-43829
-43614
-43103
-42917
-42871
-42804
-42208
-42149
-41501
-41334
-41287
-41246
-41236
-41140
-41131
-40993
-40808
-40793
-40786
-40777
-40374
-40321
-40285
-40200
-40027
-39978
-39950
-39900
-39837
-39530
-39436
-39241
-39118
-39107
-39103
-38808
-38282
-38209
-38027
-38002
-37945
-37845
-37548
-37453
-37371
-37100
-37063
-36875
-36847
-36667
-36265
-36238
-36157
-36114
-35848
-35698
-35627
-35619
-35551
-35521
-35508
-35480
-35361
-35336
-35051
-35048
-34631
-34482
-34374
-34346
-34139
-34138
-33914
-33857
-33772
-33713
-33695
-33527
-33184
-32976
-32726
-32672
-32497
-32395
-32223
-32002
-31912
-31911
-31671
-31351
-30932
-30734
-30686
-30609
-30413
-30390
-30378
-30229
-30150
-29782
-29379
-29290
-29229
-29042
-29032
-28880
-28826
-28710
-28655
-28537
-28482
-28477
-28003
-27978
-27927
-27842
-27726
-27715
-27432
-27280
-27085
-26896
-26603
-26518
-26514
-26385
-26164
-26011
-25868
-25591
-24972
-24908
-24794
-24639
-24535
-24267
-24213
-24198
-24063
-24044
-23466
-23405
-23314
-23141
-22890
-22551
-22317
-22138
-21729
-21558
-21554
-21433
-20871
-20760
-20707
-20674
-20583
-20203
-19966
-19777
-19743
-19343
-18834
-18780
-18756
-18710
-17735
-17729
-17203
-17196
-17170
-17160
-16910
-16569
-16495
-16481
-16455
-16444
-15765
-15050
-15033
-14481
-14478
-14424
-14235
-13712
-13646
-13626
-13515
-13511
-13277
-13262
-13260
-13110
-13094
-12983
-12943
-12900
-12894
-12444
-12151
-12088
-12039
-11937
-11860
-11511
-11388
-11364
-11299
-11238
-11233
-11078
-11075
-11038
-10914
-10689
-10589
-10441
-10260
-10243
-10054
-9362
-9107
-8845
-8605
-8563
-8506
-8272
-8172
-7999
-7870
-7736
-7698
-7680
-7670
-7535
-7413
-7394
-7287
-7248
-7226
-6801
-6704
-6592
-6490
-6273
-6078
-6017
-5873
-5715
-5241
-5154
-5015
-4656
-4029
-3827
-3796
-3406
-2743
-2705
-2509
-2464
-2282
-2108
-1813
-1656
-1298
-1165
-1088
-1007
-874
-739
-525
-419
-294
-100
94
636
638
722
846
1036
1179
1276
1363
1415
1799
2000
2004
2273
2472
2512
2837
2941
3015
3128
3136
3794
3803
3936
3980
4107
4311
4440
4493
4869
5068
5138
5224
5305
5310
5356
5361
5443
5568
5941
6076
6163
6227
6421
6444
6483
6512
6830
6950
6952
7023
7274
7663
7674
8113
8825
8843
8997
9079
9157
9284
9302
9824
10139
10246
10473
10613
10620
10639
10662
10675
10700
11033
11214
11709
12009
12413
12438
12535
12837
12952
12983
13346
13418
13628
13826
13858
13958
14009
14078
14098
14290
14482
14508
14707
14810
14860
15190
15203
15381
15548
15633
15956
15978
15979
16317
16458
16496
16509
16788
17145
17314
17453
17532
17571
17910
18186
18675
18962
19010
19029
19035
19081
19401
19730
19816
19925
20035
20269
20350
20496
21277
21292
21768
22473
22589
22593
22609
23018
23019
23203
23495
23513
23521
23581
23878
24008
24152
24592
24835
24984
25160
25190
25207
25414
25826
25842
26229
26268
26337
26651
26744
27171
27512
27777
28226
28677
28771
29089
29395
29421
29564
29588
29731
29896
30021
30100
30441
30604
30825
30850
31014
31142
31491
31525
31534
31635
31897
31935
31968
32055
32249
32945
33109
33324
33556
33653
34009
34035
34276
34307
34340
34417
34469
34556
34837
34891
34992
35079
35209
35558
35611
35636
35758
36192
36314
36580
36770
36866
36937
37108
37188
37350
37449
37632
37654
37685
37753
37884
38132
38171
38274
38532
38687
38729
38751
38816
39498
39745
39772
40116
40184
40273
40378
40397
40439
40584
40615
40713
40872
40927
40992
41009
41256
41324
41411
41617
41845
42053
42284
42550
42572
42579
42731
43108
43848
43936
44186
44338
44352
44522
44656
44739
44774
44850
45174
45198
45225
45552
45704
45822
45936
46138
46182
46384
46412
46479
46560
46703
46715
46818
46915
47007
47011
47057
47061
47194
47538
47733
47840
47881
47886
48244
48734
48987
48992
49135
49328
49399
49564
49579
49721
49777
49827
49829
50112
50212
50322
50394
50552
50638
50727
50773
51163
51247
51360
51637
51665
51924
51981
52055
52117
52136
52258
52414
52659
52808
52851
53061
53082
53215
53413
53478
53576
53697
53718
53784
53800
54076
54308
54358
54432
54447
54493
54816
54859
54917
54969
55037
55138
55730
55753
55770
55781
55833
56005
56038
56126
56160
56351
56365
56644
56825
57381
57549
57664
57676
57706
57871
57954
58082
58332
58405
58477
58655
59017
59054
59117
59125
59202
59535
59554
59556
59721
59988
60013
60113
60196
60331
60386
61784
61862
62405
62485
62639
62868
63304
63382
63542
63763
63880
63901
64149
64275
64303
64311
64376
64522
64530
64569
64579
64585
64921
65035
65117
65124
65138
65375
65539
65688
65791
65856
66027
66116
66267
66379
66576
66690
66721
67291
67333
67704
67848
67878
68070
68110
68121
68267
68353
68354
68357
68500
68754
68881
68986
69291
69298
69542
69769
69805
69845
70082
70135
70221
70257
70292
70299
70396
70406
70714
70754
70972
70978
71096
71134
71287
71396
71425
71492
71525
71915
71929
71970
72000
72079
72363
72368
72394
72471
72700
72795
73289
73389
73707
73857
73873
73874
74341
74708
74926
75457
75781
75909
76007
76246
76278
76311
76912
76919
77006
77047
77140
77203
77271
77326
77469
77559
77627
77808
78035
78056
78177
78235
78261
78289
78333
78676
78966
79018
79073
79135
79362
79374
79410
79595
79596
79645
79728
79776
79822
80198
80310
80516
80855
80873
80950
81002
81055
81194
81385
81401
81582
81813
81903
82088
82432
82626
82628
82818
83117
83247
83489
83590
83740
83952
84298
84458
84605
84865
84913
85126
85147
85660
86266
86318
86372
86496
86561
86731
86748
86778
86891
86939
87219
87275
87548
87918
88114
88244
88413
88550
88718
88970
89141
89356
89607
89848
90002
90057
90063
90068
90142
90290
90291
90322
90387
90705
90843
90882
90959
91026
91488
91791
92169
92336
92422
92807
92865
92942
92973
93105
93116
93273
93501
93648
93782
94519
94592
94605
94813
94814
95148
95353
95455
95690
95828
96147
96242
96258
96327
96348
96533
96727
96768
96816
97053
97211
97238
97361
97437
97823
97860
98167
98580
98703
98883
98888
99042
99057
99668
99694
99792
99798
99805
100027
100073
100129
100748
100821
100857
101010
101044
101045
101063
101124
101287
101324
101426
101458
101564
101608
101740
101908
102001
102119
102326
102402
102463
102482
102603
102721
103671
103827
103994
104083
104231
104707
104823
104847
104985
105988
106604
106750
106883
106978
107098
107159
107167
107334
107361
107601
108205
108469
108743
108788
108856
108894
109546
109640
109883
109931
110022
110203
110257
110341
110767
110887
111188
111616
111701
111936
112043
112494
112748
112841
112987
113066
113196
113315
113361
113550
113685
113696
113910
113917
114010
114335
114481
114483
114777
114906
114916
114967
115005
115065
115170
115305
115401
115451
115470
115554
115614
115796
116021
116071
116159
116491
116605
117217
117334
117480
117711
117739
117790
117940
118053
118115
118120
118334
118522
118604
118678
118797
118961
119096
119316
119421
119567
119762
120163
120201
120358
120364
120397
120401
120691
121144
121186
121207
121892
121977
122337
122401
122665
122668
122794
122877
122913
123116
123295
123587
123620
123762
124060
124087
124101
125137
125300
125337
125707
125948
126019
126215
126268
126402
126441
126800
126840
126952
127234
127374
127375
127565
127783
128262
129086
129354
129666
129802
129814
130034
130191
130235
130411
130500
130578
130616
130618
130821
131044
131344
131583
131639
131932
132159
132208
132221
132311
132347
132793
132998
133000
133481
134288
134647
134772
134826
134892
135025
135099
135215
135318
135464
135600
135645
135664
135740
135791
135850
135868
135885
136106
136179
136311
136707
136746
136877
136965
137060
137088
137163
137239
137501
137710
138053
138230
138406
138938
139059
139103
139363
139693
139864
140055
140162
140165
140228
140351
140396
140434
140637
140920
140947
141040
141553
141614
141843
142185
142551
142586
142766
142815
142817
143013
143103
143112
143327
143467
143496
143662
143792
143802
143828
144305
144408
144534
144540
144773
144896
146262
146263
146767
146907
147046
147048
147187
147566
147773
148357
148590
148819
148928
148935
149605
149807
150591
151143
151378
151390
151534
151621
151768
151786
151817
151893
152266
152551
152640
152695
152914
153117
153120
153189
153317
153434
153502
153934
154185
154253
154281
154508
154601
154732
154868
154901
155167
155173
155507
155587
155671
155861
156256
156456
156603
156721
157008
157031
157041
157175
157188
157466
158011
158013
158143
158271
158466
158606
158903
158942
159101
159137
159143
159360
159385
159507
159514
159520
159553
159578
159710
159885
160042
160129
160354
160633
160641
160956
161087
161293
161340
161363
161492
161724
161804
162076
162182
162436
162595
162664
162999
163486
163727
163774
163819
164050
164077
164188
164430
164517
164731
165087
165097
165290
165417
165545
165675
165892
166003
166159
166368
166392
166571
167069
167143
167368
167489
167493
167578
167672
167950
168011
168564
168748
169289
169442
169716
169748
170069
170153
170757
170919
171070
171104
171513
171671
171693
171696
171773
171858
172052
172167
172229
172304
172380
172497
172647
172751
172848
173062
173128
173204
173437
173492
173696
173720
173809
174043
174095
174170
174266
174724
174793
175298
175531
175993
176035
176241
176360
176447
176966
177005
177372
177382
177409
177410
177507
177675
177915
177926
178081
178132
178177
178271
178534
178630
178718
179048
179222
179622
179761
179929
179953
180173
180288
180296
180484
180496
180653
180836
181208
181318
181503
181521
181694
181728
181935
182391
182681
182836
182888
182971
183058
183195
183307
183848
184035
184120
184272
184290
184415
184823
185366
185385
186063
186274
186353
186620
186696
186913
186999
187031
187182
187444
187496
187498
187600
187737
188142
188205
188570
188759
188811
189225
189428
189461
189523
189896
190020
190553
190569
190615
190682
190758
190968
191317
191329
191390
191489
191534
191754
191881
191959
192150
192176
192180
192397
192423
192459
192637
192687
192843
192923
192944
193005
193019
193028
193037
193247
193518
193626
193655
193731
193872
193895
194062
194252
194317
195149
195253
195402
195461
195470
195607
195626
195719
195775
195925
196026
196479
196560
196591
196600
196790
197126
197363
197374
197375
197750
197791
198089
198294
198527
198654
198681
198726
198799
198810
198834
198855
198903
198961
199058
199257
199702
199747
199792
199826
199878
200071
200135
200192
200271
200289
200413
200604
200705
200867
200927
201017
201071
201240
201464
201530
201562
201645
201671
201682
201864
201877
202226
202524
202733
202828
203351
203606
203710
203729
203747
203874
203902
203917
204009
204022
204121
204491
204620
204770
204842
204957
205189
205237
205496
205605
205878
206114
206849
206958
206983
207080
207156
207262
207574
207820
207851
207963
208276
208476
208856
209019
209255
209275
209373
209673
209683
209706
210040
210085
210361
210535
210576
210651
210676
210929
210930
211632
212253
212269
212433
212435
212440
212766
212916
212959
213065
213244
213319
213646
213897
214120
214201
214383
214605
215052
215177
215258
215609
215613
215844
216409
216429
216475
216645
216669
216719
216950
217335
217373
217776
218625
218714
218717
219138
219147
219292
219846
219944
219974
220008
220155
220234
220243
220349
220600
220882
220977
221103
221135
221150
221197
221622
221806
221829
222050
222072
222162
222207
222320
222601
222704
222709
222833
223230
223522
223592
223645
223924
224233
224250
224288
225113
225121
225311
225482
225497
225689
225762
225808
225934
225980
226172
226289
226369
226463
226565
226623
227310
227415
228041
228095
228278
228327
228485
228552
228752
229313
229499
229625
229877
229943
230002
230021
230174
230335
230414
230417
230434
230648
230734
230842
230996
231003
231067
231155
231321
231409
231472
231565
231693
231753
231831
232030
232120
232394
232494
232532
232558
232559
232696
232984
233139
233233
233510
233779
233817
233921
233953
234000
234110
234356
234569
234581
234634
234862
234943
235195
235320
235702
235712
235746
236124
236272
236302
236629
236770
237417
237446
237609
237659
237669
239111
239307
239357
239517
239708
239949
239984
240020
240068
240114
240224
240337
240527
240849
240874
240926
241125
241384
241526
241554
242345
242464
242470
242485
242541
242945
242988
243234
243457
243490
243652
243689
243734
243820
243878
243888
244069
244163
244251
244265
244898
244971
244989
245161
245268
245305
245441
245544
246183
246200
246252
246418
246636
246742
246929
247063
247647
247949
248015
248134
248206
248247
248276
248289
248358
248513
248535
248561
248684
248791
248799
249777
249788
250024
250133
250178
250237
250267
250552
250647
250678
250740
250777
251223
251514
251745
251887
252059
252259
252502
252679
252840
252933
253171
253909
254470
254502
254873
255106
255127
255158
255201
255539
255565
255653
255792
255929
255950
256279
256325
256449
256472
256600
256619
257124
257221
257247
257443
257783
257795
258134
258194
258326
258461
258482
258953
259080
259335
259528
259531
259560
259667
259739
259805
259980
260140
260189
260227
260253
260393
260649
260713
260773
260828
261167
261365
261457
261861
261904
261997
262078
262206
262328
262361
262797
262844
262918
263442
263543
263627
263769
264148
264156
264208
264302
264373
264404
264446
264663
264750
264904
264919
265306
265387
265411
265475
265613
266082
266091
266141
266199
266480
266523
266883
267235
267460
267507
267884
267935
267953
267978
268058
268435
268524
268563
268643
268825
269214
269242
269400
269405
269461
270035
270186
270499
270527
270542
270610
271186
271553
271614
271765
271818
272075
272264
273006
273282
273329
273519
273567
273647
273842
273855
274038
274153
274288
274374
274448
274498
274575
274815
274843
274870
275341
275377
275456
275776
275803
275966
275997
276044
276104
276712
276998
277098
277360
277445
277453
277458
277515
277585
277676
277785
277797
277817
278534
278568
278735
278787
278958
279014
279038
279296
279331
279536
279591
279773
279790
279913
279922
279929
280058
280101
280137
280169
280377
280416
280510
280590
280593
280817
281213
281517
281538
281551
281651
281657
281872
282056
282119
282225
282235
282237
282387
282448
282731
283122
283499
283867
283893
283944
283977
284050
284068
284074
284095
284257
284280
284335
284572
284705
284735
284986
285203
285325
285563
285702
285869
285949
286129
286268
286403
286679
286858
286972
287019
287045
287068
287127
287183
287355
287376
287747
287978
288375
288617
288657
288671
288684
288703
289084
289158
289238
289373
289418
289553
289958
290016
290147
290152
290287
290311
290387
290707
290955
291057
291766
291837
292003
292060
292104
292108
292251
292479
292614
292634
292759
293119
293448
293518
293784
293908
293961
294010
294047
294094
294780
294789
294869
294923
294980
295015
295045
295066
295126
295304
295641
295685
295721
295736
295872
295990
296021
296042
296268
296849
296863
297055
297141
297620
297668
298191
298215
298322
298407
298686
298984
299154
299197
299246
299276
299705
299890
300076
300128
300547
300644
300663
300989
301887
301892
301939
302026
302044
302089
302435
302468
302474
302604
302676
302799
303075
303118
303402
303433
303458
303826
303853
303908
303958
304128
304300
304322
304541
304743
304890
304905
305047
305215
305233
306163
306396
306490
306505
306680
306718
306758
306827
306847
307162
307183
307418
307638
307647
307837
307844
307864
308169
308314
308728
308737
308858
308942
308951
309029
309378
309946
310471
310539
310640
310650
310764
310827
310908
310971
311252
311417
311726
311804
311830
312030
312510
312535
312558
312613
313028
313455
313470
313569
313830
313895
313998
314024
314602
314693
314758
314767
314927
315379
315417
315437
315714
315727
315914
316057
316220
316344
316425
316477
316590
316697
316851
316877
316990
317030
317240
317305
318076
318294
318311
318587
318858
318898
318970
319068
319092
319095
319205
319243
319330
319359
319376
319390
319429
319557
320157
320266
320315
320348
320571
320599
320700
320813
320841
320851
321582
321589
321606
321648
321687
321756
321792
321917
322435
322663
323033
323072
323131
323429
323667
323851
324129
324229
324415
324577
324607
324626
324634
324804
324809
324940
324956
324969
324988
325500
325685
325716
326171
326173
326204
326305
326538
326542
326736
326825
327044
327049
327211
327492
327562
328246
328317
328618
328692
328856
328888
328923
328927
328942
329020
329119
329572
329581
329749
330129
330198
330357
330453
330725
330767
330800
331251
331391
331398
331812
332248
332261
332283
332384
332446
332483
332570
332641
332938
332952
332955
333053
333074
333197
333298
333358
333439
333455
333646
333913
334134
334228
334564
334981
335039
335088
335113
335167
335241
335530
335601
335869
336164
336219
336247
336254
336402
336453
336573
336577
336736
337297
337397
337406
337572
337856
337928
338046
338053
338171
338207
338380
338452
338815
338839
338949
339106
339199
339273
339551
339618
339645
339705
340671
340687
340867
341307
341353
341413
341463
341826
341915
342013
342040
342290
342455
342494
342550
342730
343169
343676
343709
343721
344185
344249
344298
344612
344673
344877
344936
344983
345075
345200
345431
345487
345521
345551
345629
345726
345820
346065
346132
346456
346657
347051
347094
347146
347197
347405
347406
347465
347480
347716
347768
348027
348099
348449
348545
348591
348608
348626
348643
348688
348712
348880
348893
349052
349201
349345
349461
349634
349847
350173
350397
350409
350734
350793
350881
350930
350948
350964
351037
351094
351439
351561
352370
352472
352635
352642
352651
352944
353134
353175
353232
353309
353549
353591
353781
354028
354179
354340
354363
354603
354676
354911
354925
354971
355189
355613
355649
355862
355919
355930
356377
356631
356677
356828
356846
357169
357223
357278
357321
357663
357866
357921
358061
358181
358209
358349
358358
358378
358608
359008
359337
359790
359808
359893
360406
360547
360976
361131
361249
361412
361555
361694
361822
361825
362030
362427
362557
362587
362741
362946
363019
363078
363233
363703
363879
364046
364066
364099
364177
364233
365174
365398
365399
365548
365755
365776
365974
366023
366676
366680
366687
367042
367127
367241
367758
367974
368245
368433
368614
368744
368815
368859
368944
369014
369037
369065
369078
369255
369455
369914
369962
369971
370520
370779
370896
370968
371061
371653
371909
371972
372084
372255
372271
372343
372480
373024
373031
373473
374017
374137
374234
374259
374415
374573
374778
375113
375127
375325
375362
375429
375520
375526
375607
375672
375974
376077
376163
376259
376306
376336
376388
376416
376612
377007
377062
377215
377321
377449
377548
377684
378075
378105
378440
378480
379047
379148
379707
379762
380246
380403
380434
380443
380527
380968
380980
381019
381089
381144
381214
381284
381379
381617
381655
381793
381894
382311
382347
382612
382622
382679
382791
382854
382898
383117
383219
383354
383758
383866
383961
384043
384064
384392
384516
384789
384836
384990
385072
385164
385238
385313
385962
386052
386226
386244
386373
386414
386558
386570
386808
386988
386990
387167
387455
387501
387636
387669
387862
388112
388162
388228
388365
388530
388846
388849
389005
389050
389068
389136
389235
389239
389345
389476
389498
389510
389527
389805
389890
389908
390061
390255
390261
390456
390468
390572
391047
391113
391280
391288
391292
391420
391428
391792
392069
392189
392269
392672
392779
392892
393051
393144
393919
394414
394537
394783
395156
395184
395380
395821
396064
396096
396490
396840
397898
398139
398405
398683
398764
398906
398932
399104
399128
399216
399361
399942
400057
400067
400083
400814
400919
401052
401124
401388
401400
401652
401730
401838
401842
402045
402096
402146
402358
402486
402617
402660
402680
402735
402839
402987
403079
403283
403620
403658
403768
403777
403839
403976
404521
404904
405027
405244
405353
405463
405582
405611
405890
405929
406040
406175
406224
406322
406828
406883
407413
407442
407617
407656
407736
407843
407865
407895
408053
408214
408264
408476
408568
409234
409429
409461
409611
409666
409801
409811
409832
409886
410235
410300
410420
410539
410687
410881
411103
411510
411677
412703
413030
413186
413324
413676
413685
413840
413899
413914
413940
414668
414696
414829
414926
414939
414991
415168
415394
415423
415514
415804
415846
415879
416136
416586
416654
416678
416843
417078
417090
417194
417386
417418
417491
417569
417738
417865
417872
417900
418023
418299
418409
418436
418506
418606
418728
418894
419247
419753
419818
420168
420199
420510
420710
420906
420938
421009
421417
421439
421501
421616
422105
422176
422433
422515
422919
422946
423506
423511
423625
423658
423659
423745
423813
423933
424048
424117
424249
424349
425131
425171
425361
425629
425632
425810
425875
425983
426130
426431
426433
426607
427153
427175
427195
427652
427673
427959
428075
428209
428288
428297
428485
428672
428799
428851
429128
429262
429710
429858
429916
430046
430093
430342
430560
430697
431209
431252
431629
431642
431731
431869
431871
431872
431978
432189
432222
432266
432424
432455
432694
432727
432755
432889
432917
432948
433044
433069
433227
433229
433492
434053
434270
434521
434574
434592
434697
434975
434978
435052
435423
435772
435972
436012
436222
436254
436321
436343
436781
436877
436889
437173
437214
437246
437387
437471
437851
437864
437908
438317
438443
438527
438600
438777
438943
438950
439004
439022
439323
439465
439637
440095
440201
440390
440407
440620
440624
440712
440891
440992
441107
441282
441397
441514
441625
441923
442205
442247
442325
442489
442511
442594
443004
443128
443272
443299
443341
443414
443530
443559
443647
443735
443752
444049
444504
444514
444655
444818
445134
445172
445347
445369
445732
445772
445876
446188
446225
446348
446412
446484
446653
446878
446923
446960
447149
447178
447239
447240
447254
447589
447627
447944
448196
448352
448636
448703
448954
448955
449073
449388
449560
449574
449649
449692
450007
450043
450078
450242
450333
450417
450455
450889
451146
451379
451567
451571
451597
452191
452196
452547
452563
452823
452991
453260
453313
453542
453696
453921
453937
454370
454510
454750
455157
455306
455379
455402
455728
455865
455961
456037
456412
456900
457115
457236
457456
457721
457731
457790
457812
457895
457922
458500
458685
459084
459261
459327
459644
459680
459945
459952
460194
460415
460700
460724
460785
460787
461219
461298
461307
461446
461466
461639
461724
462075
462210
462246
462445
462474
462714
462794
462863
463072
463409
463437
463494
463499
463505
463581
463855
463870
464160
464289
464290
464302
464613
464873
465068
465197
465523
465864
466069
466075
466225
466322
466829
466931
467129
467506
467647
467715
468045
468317
468623
468682
468819
469181
469261
469326
469561
469594
469693
470169
470267
470382
470408
470520
470843
470938
471069
471316
471505
471604
471711
471729
472478
472616
472779
473076
473240
473438
473475
473609
473723
474299
474435
474475
474743
475135
475522
475607
476089
476385
476701
476705
476788
477892
478077
478146
478489
478514
478772
479157
479215
479925
480550
480667
480792
481008
481022
481331
481436
481518
481538
481939
482088
482573
482704
482712
482872
482973
483002
483399
483470
483573
484537
484697
484865
484924
485045
485202
485300
485410
485637
485692
485747
486503
486768
486873
486889
487015
487030
487040
487052
487226
487233
487258
487296
487618
487795
487834
487941
488575
488974
489330
489332
489340
489378
489400
489523
489527
489773
489910
489942
490147
490148
490318
490666
490890
490910
491003
491114
491719
491870
491970
492238
492377
492378
492736
492780
493100
493411
493420
493448
493532
493616
494195
494323
494522
494598
494669
494755
494886
495008
495110
495273
495538
495751
495773
495780
495912
496009
496060
496103
496407
496462
496626
496709
496739
496771
496930
497384
497412
497453
497499
497878
497985
498151
498283
498316
498850
498916
498962
499075
499109
499287
499365
499500
499686
499874
500109
500329
500331
500444
500464
500531
500672
500699
500924
501076
501117
501606
501724
501968
502369
502475
502616
502876
502928
503003
503289
503489
503540
503565
503831
503927
503982
504038
504061
504205
504209
504369
504429
504807
504858
505023
505122
505236
505334
505526
505619
505858
506251
506372
506452
507116
507163
507401
507462
507788
507870
507980
508077
508125
508152
508256
508280
508413
508603
508679
508904
509038
509141
509219
509285
509318
509396
509450
509523
509528
509631
510181
510303
510304
510327
510389
510645
510701
510775
510804
511387
511521
511589
512427
512600
512958
513050
513108
513312
513317
513758
514283
514284
514489
514578
514588
514654
514672
515104
515115
515218
516013
516404
516429
516680
516805
517208
517292
517463
517480
517505
517700
518148
518239
518398
518552
518764
518772
519223
519373
519474
519547
519548
519626
519674
519843
520003
520275
520364
520721
520725
520752
520937
521151
521377
521474
521630
521793
521837
521850
521952
522247
522467
522615
522749
522769
522770
523130
523249
523281
523298
523316
523317
523503
523644
523775
523833
523996
524034
524306
524378
524417
524438
524452
524606
524765
524806
524832
525087
525250
525254
525301
525345
525397
525467
525512
525636
526091
526287
526496
526504
526836
526933
527265
527457
527506
527589
527685
527929
527993
528439
528545
528550
528606
528748
528801
529468
529800
529993
530003
530162
530248
530327
530336
530597
530967
531040
531305
531481
531483
531497
531568
532015
532162
532401
532445
532497
532646
532672
532753
532925
533206
533376
533427
533518
533679
533729
533737
534071
534276
534432
534520
534572
534685
534753
534807
534858
534909
534912
535024
535033
535185
535201
535278
535309
535568
535702
535743
535847
535971
536126
536143
536411
536456
536499
536524
537079
537292
537348
537491
537617
537976
538048
538057
538183
539172
539407
539431
539533
539776
540203
540620
541162
541222
541236
541714
541964
542028
542077
542370
542377
542392
542578
542641
542661
542758
542838
543278
543295
543304
543627
543689
543721
544085
544096
544128
544136
544144
544375
544458
544580
544727
544953
544977
545303
545342
545486
545571
545964
546109
546241
546614
546893
547036
547067
547128
547133
547328
547742
547800
547967
548184
548279
548430
548697
548844
549473
549519
549592
550010
550055
550102
550273
550389
550683
550764
550773
551485
551594
552516
552596
552735
552996
553230
553272
553445
553459
553865
553939
553970
554182
554308
554453
554808
554883
554918
555178
555474
555592
555868
556166
556294
556303
556420
556691
556743
556781
556990
556999
557241
557270
557427
557443
557550
557577
557736
557949
558281
558293
558313
558356
558604
558915
559284
559353
559562
559582
559609
559682
559900
560125
560474
560585
560904
561214
561236
561303
561485
561527
561738
561861
561879
562291
562325
562506
562574
562635
562808
562847
562860
563001
563322
563367
563613
563649
563929
564054
564222
564364
564386
564460
564812
564867
564913
564955
564995
565002
565092
565235
565325
565327
565455
565616
565719
565724
565778
566193
566228
566373
566387
566827
567372
567520
567601
567656
567695
567762
567785
567870
567918
567954
567956
568087
568232
568334
568422
568770
568815
569140
569257
569389
569508
569713
569721
569810
569858
569933
570357
570407
570583
570816
571145
571320
571344
571383
571411
571419
571494
571698
571855
572018
572068
572172
572186
572232
572324
572549
572647
572857
572909
572919
572975
572997
573077
573212
573214
573217
573542
573650
573743
574036
574304
574516
574598
574779
574781
574921
575591
576391
576530
576733
576978
577107
577341
577437
577451
577469
577793
577936
577960
578115
578246
578577
578603
578766
578944
579000
579080
579372
579552
579625
579658
579727
579882
580164
580239
580325
580739
581148
581172
581278
581482
581668
581820
581992
582088
582163
582288
582350
582425
582570
582716
582946
582984
583256
583416
583765
583968
583981
584000
584068
584186
584232
584275
584732
584949
584982
585065
585336
585634
585715
585757
585810
585998
586350
586465
586483
586585
586743
586947
587064
587259
587281
587314
587510
587616
587825
588042
588203
588433
588488
588577
588595
588695
588808
588811
588964
589304
589370
589456
589737
589741
590708
590911
590958
591493
591640
591757
591954
592028
592097
592113
592220
592343
592682
592797
592808
592878
593160
593604
594065
594351
594422
594489
594929
595282
595317
595404
595429
595713
595905
595911
596241
596566
596625
596766
596865
596866
596936
597073
597184
597262
597436
597468
597721
597950
597954
598651
598855
598877
598936
599110
599304
599354
599528
599639
599706
600040
600081
600266
600344
600671
600890
600903
601006
601046
601114
601262
601324
601703
601718
601741
602146
602293
602364
602662
602880
602942
603044
603079
603089
603188
603241
603346
603750
603861
603973
604063
604323
604454
604546
604733
604767
604774
604832
604911
605426
605521
605528
605840
605971
606059
606075
606082
606147
606165
606250
606440
607161
607274
607507
607670
607678
607693
607724
607776
607839
608202
608261
608359
608544
608571
608821
608897
608925
609077
609543
609690
609890
609961
610006
610350
610900
610994
611443
612110
612332
612389
612457
612662
612713
613025
613044
613158
613363
613422
613586
613821
613954
614065
614102
614425
614576
614650
614786
615300
615380
615391
615475
615477
615616
615872
615951
616001
616389
616397
616466
616574
616724
617160
617204
617745
617912
617977
617993
618028
618267
618541
618569
618722
618764
618847
618867
618921
619144
619203
619214
619344
619675
619738
619984
620090
620319
620369
620617
620746
620799
620825
621250
621257
621535
621574
621811
621939
622079
622112
622185
622368
622433
622539
622634
622770
622857
623280
623515
623699
623892
623928
624019
624353
624358
624430
624641
624897
625009
625040
625350
625529
625677
626345
626396
626431
626528
626564
626669
626686
626745
626777
626991
627083
627386
627519
627855
627873
628199
628303
628362
628547
628912
629028
629272
629295
629597
629733
629866
629968
630130
630209
630934
631584
631625
631648
631853
632229
632233
632544
632732
633427
633684
634140
634250
634492
634517
634614
634891
634989
635089
635103
635206
635341
635547
635689
635765
635773
635808
635842
636175
636673
636876
637033
637050
637199
637215
637352
637725
637828
637844
638187
638202
638375
638558
639168
639381
639612
639743
639807
639822
640260
640290
640343
640441
640483
640680
641019
641140
641326
641594
641596
641896
642057
642383
642529
642606
642893
642906
643159
643448
643598
643781
643963
643971
644053
644067
644160
644308
644365
644804
644815
645018
645500
645574
645686
646194
646265
646516
646609
646706
646711
646755
646838
647073
647165
647381
647650
647799
647857
647888
648112
648372
648709
648986
649081
649308
649476
649742
650130
650547
650949
651040
651576
651778
651781
651885
652010
652318
652441
652483
652525
652608
652656
652961
653126
653394
653418
653538
653566
653992
654013
654037
654095
654227
654247
654292
654297
654367
654415
654442
654676
654866
655162
655197
655284
655486
655498
655901
656031
656279
656372
656378
656421
657085
657102
657503
657648
657878
657931
657960
658040
658127
658168
658308
658399
658401
658470
658554
658881
659051
659156
659258
659259
659288
659399
659409
659799
659969
660073
660113
660221
660397
660520
660541
660641
660949
661026
661075
661144
661279
661348
661712
661754
661794
661974
662002
662196
662225
662232
662338
662345
662358
662386
662962
663672
663702
663734
663759
663845
664091
664177
664235
664296
664315
664423
664567
664681
664774
664841
665251
665932
666077
666777
666878
667242
667300
667381
667446
667683
667741
667855
667872
668117
668393
668539
668671
668750
668823
668917
668920
669279
669871
669983
670023
670026
670037
670360
670475
670531
670661
670917
671101
671233
671249
671259
671263
671494
671803
671828
672037
672080
672653
672927
672994
673132
673449
673473
673967
674215
674327
674489
674509
674616
674743
674920
675076
675124
675283
675311
675397
675400
675410
675492
675809
676528
676541
676571
676835
676908
677079
677089
677105
677328
677728
677952
678019
678032
678573
678601
678920
679041
679222
679465
679678
679775
679835
679931
680108
680127
680351
680655
680918
681094
681222
681359
681493
681545
681628
681659
682151
682260
682380
682426
682544
682847
683044
683068
683451
683784
683868
683907
684189
684203
684493
685042
685252
685575
685703
685715
685979
686027
686483
686611
686739
686815
686872
686965
687160
687349
687636
687730
687815
687927
688030
688054
688785
689349
689411
689809
690035
690366
690399
690479
690531
690784
690956
690983
691019
691726
691826
691980
692377
692421
692466
692624
693015
693040
694098
694178
694350
694391
694473
694611
694742
694838
695202
695448
695484
695522
695626
695916
695980
696113
696267
696529
696641
696737
696801
696826
697123
697322
697682
697702
697801
697903
698054
698363
698484
698578
698608
698656
698774
698925
699009
699040
699067
699580
699804
700074
700293
700313
700888
700985
701029
701120
701180
701242
701258
701271
701306
701372
701698
701707
701739
702131
702174
702219
702254
702289
702411
702537
702665
702673
702936
703127
703138
703765
703801
703836
704037
704060
704140
704161
704186
704290
704570
704648
704728
705166
705323
706449
706671
706732
707344
707388
707451
707551
707652
708032
708115
708257
708471
708629
708728
708732
709033
709623
709998
710014
710015
710024
710083
710131
710224
710468
710781
711091
711173
711247
711285
711339
711510
711550
711707
711763
711915
712008
712124
712241
712600
713205
713229
713279
713293
713338
713511
713741
713830
713865
713969
714113
714129
714177
714220
714306
714511
714690
714743
715024
715054
715125
715158
715296
715363
715375
715549
715650
715870
715879
716136
716357
716642
716957
717233
717420
717581
717654
717798
717845
718142
718188
718273
718392
718439
718551
718714
718812
718920
719182
719436
719526
719661
719759
719895
720191
720307
720446
720527
721286
721902
721934
722316
722408
722738
723170
723249
723358
723361
723422
723689
723876
723885
724098
724296
724330
724384
724403
724527
724807
724979
725548
725770
725980
726110
726139
726295
726324
726440
726957
727024
727219
727240
727277
727387
727551
727595
727786
727974
728113
728319
728320
728765
728835
728842
728969
729071
729084
729324
729478
729532
729545
729568
729666
729855
730385
730405
730465
730492
730653
730959
731046
731067
731114
731245
731293
731306
731536
731608
731654
731658
732088
732182
732203
732324
732452
732592
732768
732845
733332
733341
733365
733444
733458
733470
733698
733934
734082
734091
734328
734488
734489
734712
734746
735062
735117
735158
735287
735429
735439
735635
735687
735834
736078
736117
736384
736491
736713
737089
737113
737542
737680
737718
737882
737950
738040
738045
738172
738387
738445
738470
738694
738802
739109
739115
739144
739406
740316
740517
740672
740741
741016
741359
741710
741802
741826
741902
741913
742152
742567
742617
742773
742888
742951
743019
743099
743663
743675
743688
743692
743996
744005
744047
744434
744488
745029
745094
745463
745580
745671
745699
745726
745914
745966
746152
746253
746436
746581
746688
746722
746767
746935
746997
747141
747315
747445
747551
747599
747738
748236
748257
748313
748343
748875
748893
749071
749126
749309
749425
749444
749456
749530
749648
749657
749940
750043
750112
750218
750319
750421
750958
751167
751333
751364
751456
751472
751609
751712
751799
751849
751853
751859
752026
752053
752617
752776
752848
752865
753129
753396
753476
753494
753577
753917
753954
754073
754257
754501
754502
754534
754553
754668
754743
754804
755727
755858
756176
757460
757477
757537
757768
758056
758133
758413
758547
758687
758807
759063
759264
759335
759467
759637
759921
760034
760071
760218
760282
760335
760371
760398
760458
760501
760832
761001
761226
761355
761437
761496
761652
761753
761891
762015
762767
762778
762853
762949
763494
763503
763722
763805
763827
764027
764312
764360
765191
765253
765631
765762
765912
766570
766595
766641
766669
767112
767167
767263
767545
767743
767987
768099
768369
768375
768809
768831
768843
768942
768977
769267
769597
769621
769701
769756
769793
769877
769880
770363
770692
770695
770880
770988
771009
771127
771149
771327
771426
771520
771611
771786
771802
772198
772281
772450
772452
772547
773012
773309
773406
773610
773673
773831
773962
773972
774096
774144
774164
774167
774764
775264
775276
775344
775396
775442
775463
775471
775556
775939
776137
776246
776387
776403
776555
776597
776646
776802
776915
776930
777052
777096
777315
777445
777623
777798
778069
778287
778737
778904
779047
779401
779404
779460
779569
779620
779642
779782
780037
780049
780233
780298
780396
780413
780671
780812
780934
781071
781197
781298
781538
781696
781706
781907
781941
781965
782080
782373
782727
782731
782820
782915
783168
783218
783449
783515
783599
783760
783775
783804
784114
784228
784300
784342
784405
784874
784915
784988
785011
785442
785640
786045
786070
786269
786549
787153
787354
787651
787722
787780
787782
787919
788601
788677
788760
788763
788902
788939
788996
789090
789200
789363
789562
789827
790251
790254
790265
790314
790686
790986
791014
791196
791198
791753
791795
792071
792095
792268
792345
792374
792503
792765
793265
793282
793317
793641
793713
793841
794227
794374
794375
794601
794635
794758
794926
795092
795456
795487
795577
795607
795645
795694
795742
795782
795879
796384
796508
796564
796574
796666
796884
796988
797300
797311
797817
797850
798733
798765
798785
798884
799020
799141
799238
799256
799280
799485
799542
799778
799948
800508
800826
800904
801028
801309
801470
801474
801563
801934
802108
802142
802158
802349
802370
803054
803073
803085
803417
803648
803754
803853
803951
804105
804441
804493
804655
804915
805080
805168
805183
805644
805721
806049
806508
806769
807099
807205
807601
807624
808040
808294
808343
808744
809081
809116
809512
809680
810124
810222
810418
810440
810466
810507
810552
810637
810836
810846
810932
811227
811303
811762
812106
812336
812356
812576
812958
813081
813152
813583
813610
813615
814038
814075
814180
814194
814229
814450
814650
814702
814869
814876
815433
815529
816513
816575
816582
816721
816797
816814
817158
817163
817286
817371
817769
817929
817969
818064
818100
818112
818138
818178
818223
818248
818431
818604
818695
818851
818857
818864
818902
819188
819239
819311
819603
819690
819694
819798
820069
820135
820230
820338
820341
820377
820527
820534
820987
821001
821351
821747
821802
821856
821955
822439
822539
822586
822770
822803
823210
823238
823253
823304
823322
823784
824214
824319
824572
824818
825212
825217
825421
825446
825748
826075
826266
826358
826381
826450
826551
826618
826959
827133
827488
827641
828090
828208
828245
828294
828326
828621
828953
829373
829603
829612
829846
830174
830435
830486
830579
831038
831121
831390
831648
831950
832098
832298
832356
832417
832578
833274
833476
833490
833661
833670
833966
834114
834188
834281
834377
834510
834843
834961
835045
835073
835160
835219
835246
835353
835397
835409
835564
835612
835732
836253
836348
836458
836634
836769
836870
837080
837146
837516
837526
837675
837732
837801
837965
837973
838090
838472
838505
838556
838901
839044
839129
839190
839502
839699
839777
840007
840132
840735
840761
840939
841049
841182
841328
841539
841546
841620
841953
842104
842471
842488
842580
842867
842905
842909
843102
843313
843591
843792
844161
844621
844733
844765
844810
844894
844982
845239
845570
845594
845680
845742
846439
846864
846883
846912
846971
847183
847234
847522
847528
847553
848210
848212
848396
848995
849038
849212
849414
849524
849674
850020
850271
850391
850448
850728
850737
850914
850994
851009
851017
851024
851321
851390
851553
851768
851776
851962
852003
852088
852105
852530
852608
852694
852852
852899
852911
853139
853249
853325
853424
853679
853719
853773
854286
854384
854577
854658
854992
855079
855154
855552
855992
856225
856306
856376
856407
856413
856698
856723
857029
857210
857280
857286
857318
857969
858058
858072
858073
858088
858158
858256
858293
858352
858471
858818
858823
858830
859032
859098
859119
859144
859187
859263
859357
859670
859810
859851
860208
860394
860463
860599
860640
860751
860924
861063
861072
861076
861208
861607
861657
861805
862461
862556
862721
862783
862809
862843
862904
863158
863575
863620
863698
863723
863772
863825
864206
864409
864411
864425
864719
864819
865319
865378
865397
865613
865801
865816
865902
866308
866688
866874
866911
867117
867236
867372
867378
867573
867680
867693
867775
867819
868190
868329
868331
868336
868578
868630
868704
868732
868761
869016
869703
869802
870163
870169
870323
870413
870426
870503
870591
870644
870748
870801
870903
870971
870978
871149
871363
871376
871458
871486
871598
871631
871763
871806
872055
872058
872114
872185
872206
872240
872363
872468
872697
872715
872738
872931
872955
873303
873309
873474
873525
873711
873715
873717
873819
873872
874002
874267
874336
874417
874765
874829
874895
875488
875641
875689
875751
875813
875862
875919
875934
876882
876974
877090
877193
877757
877928
878265
878389
878440
878499
878551
878704
879187
879551
879764
879834
880345
880347
880359
880523
880657
880676
880680
881020
881033
881100
881105
881620
881799
881918
882304
882329
882576
882701
882734
882964
883089
883129
883302
883416
883530
883600
883620
883917
884371
884544
884590
884637
885134
885384
885658
885779
885935
885941
886038
886118
886323
886451
886583
886589
886735
886814
886866
886888
887486
887586
887710
887751
887763
887785
887955
888251
888343
888517
888653
888789
889259
889624
889814
890170
890204
890337
890395
890497
890589
890604
890898
891430
891501
891539
891618
892476
892601
892823
892907
892935
892942
893024
893066
893094
893176
893185
893448
893514
893859
893860
894146
894242
894271
894465
894575
894577
894719
894802
895157
895200
895562
895697
895733
895828
895952
896050
896073
896095
896166
896374
896555
897133
897762
898004
898059
898121
898295
898468
898475
898570
898888
899810
899914
899928
899933
900088
900172
900274
900376
900404
900608
900611
900786
900800
900856
900937
901617
901733
901787
901844
901984
902088
902309
902334
902359
902906
903304
903327
903501
903509
903913
904014
904198
904223
904482
904588
904595
904678
904946
905035
905048
905348
905664
905732
905739
905935
906057
906138
906141
906344
906712
906847
906895
907005
907151
907155
907243
907397
907874
908074
908081
908121
908275
908448
908730
908809
908979
909051
909114
909159
909216
909304
909316
909383
909511
909757
910244
910416
910561
910700
910761
910832
911263
911270
911458
911529
911944
912001
912042
912281
912366
912557
912683
912776
913054
913374
914177
914283
915151
915368
915673
915716
915770
916193
916202
916245
916474
916702
917231
917313
917446
917503
917556
917693
917763
917779
917814
917881
917962
918029
918042
918150
918153
918234
918325
918348
918424
918489
918633
918639
918752
919042
919085
919218
919550
919569
919773
919804
919824
920094
920175
920261
920283
920487
920506
920596
920743
921175
921185
921231
921344
921355
921421
921871
921938
922127
922299
922313
922324
922343
922435
922526
922799
922860
922911
923406
923448
923841
924021
924046
924196
924602
925109
925197
925406
925490
925513
925733
925739
925847
926463
926483
926599
926668
926851
926899
926966
927289
927712
928227
928477
928771
929036
929068
929351
929368
929529
929684
929748
929915
930179
930507
930513
930782
930962
931035
931272
931370
931665
931811
932014
932173
932266
932320
933116
933136
933272
933370
933720
933874
933971
934530
934532
934788
934960
935336
935409
935556
935559
935573
935719
935858
935986
936226
936449
936792
936910
937011
937377
937549
937629
937697
937729
937839
938149
938472
938544
938700
938816
938861
938874
939286
939425
939593
939653
940524
940755
940981
941025
941043
941449
941602
941625
941671
941831
941927
942120
942211
942221
942601
942620
942977
943435
943454
943830
943898
944049
944065
944166
944808
944818
944877
945148
945298
945429
945624
945811
945917
945925
945949
946609
946672
946710
946715
947037
947250
947279
947723
947741
947855
947871
948325
948769
948806
948814
948999
949368
949735
949985
950004
950032
950193
950708
950723
950726
950868
950945
951201
951531
952275
952319
952323
952433
952477
952789
952915
953225
953379
953511
954164
954275
954294
954376
954581
954650
954667
954713
954916
955023
955089
955100
955183
955293
955494
955581
955701
955709
955760
955779
955802
956036
956049
956059
956253
956313
956606
956701
956917
957164
957275
957583
957728
957883
958136
958346
958768
959139
959518
959809
959923
959924
960007
960069
960121
960154
960159
960708
960753
960816
961053
961060
961096
961331
961514
961645
961853
961871
962038
962366
962387
962396
962466
962626
963209
963462
963503
963727
963814
963852
963867
964206
964273
964652
964742
964824
964918
965232
965551
965604
966213
966214
966270
966291
966335
966486
966530
966650
966743
966988
967203
967212
967248
967297
967381
967484
967729
967736
967807
967976
968163
968389
968565
968633
968703
968759
969145
969240
969546
969591
969634
969971
970334
970508
970633
970694
971119
971361
971398
971416
971467
971779
971871
971942
972010
972145
972745
972852
972862
973064
973072
973208
973529
973828
973874
974083
974238
974241
974719
974753
975264
975329
975355
975411
976266
976303
976458
976521
976526
976754
976884
976938
977088
977722
977733
978088
978125
978292
978405
978922
979010
979094
979211
979461
979474
979855
979867
980015
980346
980636
981074
981121
981337
981399
981530
981542
981559
981714
982647
982668
982684
982919
983258
983412
984319
984596
984786
984944
985491
985671
985721
985730
985773
985774
985786
986083
986418
986428
986462
986499
986626
986673
986683
986745
986752
986836
986960
987433
987461
987696
987915
988129
988183
988530
988569
988936
989525
989610
989728
990146
990289
990317
990513
990717
990986
991004
991035
991440
991687
991723
991772
992148
992493
992745
992886
992959
993116
993184
993485
993581
993735
993986
994097
994250
994448
994795
994940
995054
995087
995292
995310
995730
996148
996237
996768
996987
997059
997367
997519
997741
997923
998012
998204
998322
998402
998443
998490
998517
998543
998571
998646
998671
998968
999168
999649
999812
999910
